[gd_scene format=3 uid="uid://bgdtj8rmuvqof"]

[ext_resource type="ArrayMesh" uid="uid://cuo86p4e5wjd1" path="res://first_person_template_project/assets/arms/ArmsMesh.res" id="1_qo4ey"]
[ext_resource type="Animation" uid="uid://b7x61owqu7fh2" path="res://first_person_template_project/assets/arms/animations/ArmsRig_Grab_L.res" id="2_e2g86"]
[ext_resource type="Animation" uid="uid://bn67cyamkooo0" path="res://first_person_template_project/assets/arms/animations/ArmsRig_Grab_R.res" id="3_s05ox"]
[ext_resource type="Animation" uid="uid://dtoha0pbvgbl1" path="res://first_person_template_project/assets/arms/animations/ArmsRig_Guard.res" id="4_0mvq6"]
[ext_resource type="Animation" uid="uid://dtuv4fbin0fkl" path="res://first_person_template_project/assets/arms/animations/ArmsRig_Jab_L.res" id="5_dik16"]
[ext_resource type="Animation" uid="uid://7w3vwqi6oymd" path="res://first_person_template_project/assets/arms/animations/ArmsRig_Jab_R.res" id="6_m6lqb"]
[ext_resource type="Animation" uid="uid://c1egrvwqeojlt" path="res://first_person_template_project/assets/arms/animations/ArmsRig_Push_L.res" id="7_emv8o"]
[ext_resource type="Animation" uid="uid://dnqayqm5mgdud" path="res://first_person_template_project/assets/arms/animations/ArmsRig_Push_R.res" id="8_ma0j6"]
[ext_resource type="Animation" uid="uid://bqimlvhexx37c" path="res://first_person_template_project/assets/arms/animations/ArmsRig_finger_gun_broken.res" id="9_dn7si"]
[ext_resource type="Animation" uid="uid://hotnsk70wax3" path="res://first_person_template_project/assets/arms/animations/ArmsRig_finger_gun_fire.res" id="10_v4cob"]
[ext_resource type="Animation" uid="uid://032tls7mkpvb" path="res://first_person_template_project/assets/arms/animations/ArmsRig_finger_gun_fix.res" id="11_f4ha6"]
[ext_resource type="Animation" uid="uid://bmppac7lb65v8" path="res://first_person_template_project/assets/arms/animations/ArmsRig_finger_gun_idle.res" id="12_34tuj"]
[ext_resource type="AnimationLibrary" uid="uid://c0cved5rsujyk" path="res://first_person_template_project/assets/arms/animations/custom_animations.res" id="13_4k5al"]
[ext_resource type="PackedScene" uid="uid://c3tmrdnsls8wl" path="res://first_person_template_project/assets/shotgun/shotgun.glb" id="14_e2g86"]

[sub_resource type="Skin" id="Skin_ii4h3"]
resource_name = "Skin"
bind_count = 52
bind/0/name = &"root"
bind/0/bone = -1
bind/0/pose = Transform3D(1, 7.0607865e-07, 1.861951e-08, -1.8619591e-08, 1.1920932e-07, 1.0000001, 7.060787e-07, -1.0000001, 1.3146839e-14, -2.3445687e-10, -0.014657003, -1.6554502e-16)
bind/1/name = &"shoulder.R"
bind/1/bone = -1
bind/1/pose = Transform3D(0.5070943, 0.8618906, 7.3983436e-05, -0.86189044, 0.5070945, -0.0005704061, -0.0005291646, 0.00022562077, 0.9999999, 0.00068114384, 0.00019828271, -0.016050942)
bind/2/name = &"upper_arm.R"
bind/2/bone = -1
bind/2/pose = Transform3D(-0.52286357, 0.011434153, 0.85233974, -0.82830226, 0.22933757, -0.5111945, -0.20131858, -0.9732799, -0.11044147, -0.014619518, 0.0064555528, 0.0016237262)
bind/3/name = &"forearm.R"
bind/3/bone = -1
bind/3/pose = Transform3D(-0.5321382, 0.0060744514, 0.84663576, -0.82843155, -0.21010514, -0.5191887, 0.17472875, -0.9776599, 0.11683705, -0.014575625, 0.0037889332, 0.0001241709)
bind/4/name = &"hand.R"
bind/4/bone = -1
bind/4/pose = Transform3D(-0.59625405, 0.009629263, 0.80273795, -0.8000086, -0.090379626, -0.5931425, 0.06683967, -0.995861, 0.061592534, -0.01442755, 0.0025090524, 0.00014237656)
bind/5/name = &"palm.01.R"
bind/5/bone = -1
bind/5/pose = Transform3D(0.29894677, -0.9539865, -0.023257574, -0.83800095, -0.250786, -0.48462477, 0.4564927, 0.16436677, -0.8744129, 0.0025688112, 0.00049891253, 0.0143883405)
bind/6/name = &"f_index.01.R"
bind/6/bone = -1
bind/6/pose = Transform3D(0.20886344, -0.9777433, 0.01985617, -0.62839717, -0.149739, -0.76334494, 0.74932855, 0.14695714, -0.64568585, 0.0013524853, 0.0048596174, 0.013719353)
bind/7/name = &"f_index.02.R"
bind/7/bone = -1
bind/7/pose = Transform3D(0.2289417, -0.97324914, -0.019288227, -0.65647453, -0.13973424, -0.74129325, 0.7187677, 0.18237504, -0.67090416, 0.0019858696, 0.003881251, 0.013788657)
bind/8/name = &"f_index.03.R"
bind/8/bone = -1
bind/8/pose = Transform3D(0.22787952, -0.97322035, -0.030222902, -0.66148007, -0.13195919, -0.7382622, 0.71450365, 0.18822657, -0.6738365, 0.0021085069, 0.0035674234, 0.013790242)
bind/9/name = &"thumb.01.R"
bind/9/bone = -1
bind/9/pose = Transform3D(0.9115831, -0.1938661, -0.36253577, -0.3957481, -0.6526501, -0.6460891, -0.111354455, 0.7324367, -0.67166674, 0.010819075, 0.005645188, 0.007657966)
bind/10/name = &"thumb.02.R"
bind/10/bone = -1
bind/10/pose = Transform3D(0.8925193, -0.22228566, -0.39242613, -0.4485791, -0.34731916, -0.8234961, 0.04675409, 0.9110203, -0.40970173, 0.0110544935, 0.007070777, 0.0055239243)
bind/11/name = &"thumb.03.R"
bind/11/bone = -1
bind/11/pose = Transform3D(0.8605267, -0.024759592, -0.5088032, -0.5056571, -0.16246149, -0.8472994, -0.061682392, 0.98640406, -0.1523223, 0.012286571, 0.006639658, 0.0016493042)
bind/12/name = &"palm.02.R"
bind/12/bone = -1
bind/12/pose = Transform3D(0.15095893, -0.988118, 0.028891033, -0.8725689, -0.14692739, -0.46587172, 0.46458095, 0.045117915, -0.88438064, 0.0010704501, -2.4740744e-05, 0.014608477)
bind/13/name = &"f_middle.01.R"
bind/13/bone = -1
bind/13/pose = Transform3D(0.1172401, -0.99259, 0.031942848, -0.6850706, -0.10412009, -0.720998, 0.7189811, 0.06264662, -0.69220066, 0.00077772676, 0.0038825208, 0.014121102)
bind/14/name = &"f_middle.02.R"
bind/14/bone = -1
bind/14/pose = Transform3D(0.09567172, -0.99462503, 0.03959911, -0.67271435, -0.093927145, -0.73391676, 0.73369145, 0.04357606, -0.6780842, 0.00051346404, 0.0035864457, 0.014071111)
bind/15/name = &"f_middle.03.R"
bind/15/bone = -1
bind/15/pose = Transform3D(0.08736264, -0.99520814, 0.043916337, -0.6667771, -0.09117153, -0.7396599, 0.74011946, 0.035336114, -0.6715466, 0.00039424663, 0.0034026986, 0.014047266)
bind/16/name = &"palm.03.R"
bind/16/bone = -1
bind/16/pose = Transform3D(0.012749361, 0.9996942, 0.021203928, -0.8695008, 0.02155546, -0.49346116, -0.4937671, -0.012145367, 0.8695094, -0.0007453958, 0.00028638367, -0.014625346)
bind/17/name = &"f_ring.01.R"
bind/17/bone = -1
bind/17/pose = Transform3D(-0.043903753, -0.99872565, 0.02489672, -0.67307353, 0.011153644, -0.73949194, 0.73827153, -0.04922392, -0.672705, -6.8653884e-05, 0.00415649, 0.014048172)
bind/18/name = &"f_ring.02.R"
bind/18/bone = -1
bind/18/pose = Transform3D(-0.042409964, -0.99902916, 0.011933018, -0.6786775, 0.020041253, -0.7341633, 0.73321116, -0.03923463, -0.67886806, 0.00010088422, 0.0035369277, 0.01407719)
bind/19/name = &"f_ring.03.R"
bind/19/bone = -1
bind/19/pose = Transform3D(-0.10525836, -0.99273974, 0.058213912, -0.6180383, 0.019443965, -0.78590775, 0.77906966, -0.11870189, -0.6155973, -0.00096555613, 0.004327837, 0.013742923)
bind/20/name = &"palm.04.R"
bind/20/bone = -1
bind/20/pose = Transform3D(-0.1942776, -0.9807977, 0.017100392, -0.85124075, 0.15990026, -0.49982107, 0.48748899, -0.11166077, -0.86595964, -0.000866585, 0.0003934848, 0.014585464)
bind/21/name = &"f_pinky.01.R"
bind/21/bone = -1
bind/21/pose = Transform3D(-0.18322891, -0.9830094, -0.0109514585, -0.667315, 0.13254948, -0.7328854, 0.7218851, -0.12697789, -0.68026364, -0.00043081975, 0.004060859, 0.014031285)
bind/22/name = &"f_pinky.02.R"
bind/22/bone = -1
bind/22/pose = Transform3D(-0.25072592, -0.96805805, -0.00037819816, -0.6175546, 0.16024664, -0.7700305, 0.74549496, -0.19283327, -0.6380067, -0.0010985209, 0.0044441344, 0.013757417)
bind/23/name = &"f_pinky.03.R"
bind/23/bone = -1
bind/23/pose = Transform3D(-0.21325192, -0.9764736, -0.031987526, -0.6632745, 0.16873646, -0.7291055, 0.71734977, -0.1342668, -0.68365335, -0.0004136902, 0.0033592496, 0.014029933)
bind/24/name = &"shoulder.L"
bind/24/bone = -1
bind/24/pose = Transform3D(0.50709474, -0.86188793, 0.0020132253, 0.86189014, 0.5070948, -0.0005704297, -0.0005292185, 0.002024567, 0.99999774, -0.000714644, 0.00019828291, -0.016049486)
bind/25/name = &"upper_arm.L"
bind/25/bone = -1
bind/25/pose = Transform3D(-0.52286375, -0.011434527, -0.8523396, 0.8283021, 0.22933798, -0.5111945, 0.20131904, -0.97327965, -0.110441364, 0.014619517, 0.0064555528, 0.0016237247)
bind/26/name = &"forearm.L"
bind/26/bone = -1
bind/26/pose = Transform3D(-0.53213805, -0.006074811, -0.8466358, 0.8284314, -0.21010625, -0.5191885, -0.17472954, -0.9776597, 0.116837956, 0.014575625, 0.0037889334, 0.00012416345)
bind/27/name = &"hand.L"
bind/27/bone = -1
bind/27/pose = Transform3D(-0.5962541, -0.00962928, -0.80273783, 0.8000083, -0.09037956, -0.5931425, -0.06683964, -0.9958608, 0.06159257, 0.014427551, 0.0025090533, 0.0001423755)
bind/28/name = &"palm.01.L"
bind/28/bone = -1
bind/28/pose = Transform3D(0.2989519, 0.95398474, 0.023254594, 0.83799946, -0.25079215, -0.48462403, -0.4564918, 0.16436651, -0.87441355, -0.002568812, 0.0004989141, 0.014388341)
bind/29/name = &"f_index.01.L"
bind/29/bone = -1
bind/29/pose = Transform3D(0.20886348, 0.9777433, -0.019856248, 0.62839705, -0.14973912, -0.76334506, -0.7493287, 0.14695726, -0.6456859, -0.0013524852, 0.0048596207, 0.013719351)
bind/30/name = &"f_index.02.L"
bind/30/bone = -1
bind/30/pose = Transform3D(0.22894177, 0.973249, 0.01928822, 0.65647453, -0.13973428, -0.74129325, -0.7187678, 0.18237512, -0.67090416, -0.0019858696, 0.0038812512, 0.013788658)
bind/31/name = &"f_index.03.L"
bind/31/bone = -1
bind/31/pose = Transform3D(0.22787952, 0.97322035, 0.030222896, 0.66148, -0.13195919, -0.73826236, -0.7145037, 0.18822666, -0.6738365, -0.002108506, 0.0035674253, 0.013790244)
bind/32/name = &"thumb.01.L"
bind/32/bone = -1
bind/32/pose = Transform3D(0.9115833, 0.1938661, 0.36253607, 0.39574817, -0.6526503, -0.64608926, 0.11135443, 0.73243684, -0.67166704, -0.01081908, 0.0056451904, 0.0076579703)
bind/33/name = &"thumb.02.L"
bind/33/bone = -1
bind/33/pose = Transform3D(0.8925195, 0.22228572, 0.39242622, 0.4485792, -0.34731925, -0.82349646, -0.04675433, 0.9110206, -0.40970194, -0.011054499, 0.007070784, 0.005523927)
bind/34/name = &"thumb.03.L"
bind/34/bone = -1
bind/34/pose = Transform3D(0.8605267, 0.024759598, 0.50880325, 0.5056571, -0.16246153, -0.84729975, 0.0616822, 0.98640424, -0.15232246, -0.012286575, 0.0066396617, 0.0016493078)
bind/35/name = &"palm.02.L"
bind/35/bone = -1
bind/35/pose = Transform3D(0.15096444, 0.98811674, -0.028894044, 0.87256765, -0.14693367, -0.46587116, -0.4645806, 0.045117844, -0.88438064, -0.0010704536, -2.4737239e-05, 0.014608475)
bind/36/name = &"f_middle.01.L"
bind/36/bone = -1
bind/36/pose = Transform3D(0.117240086, 0.99258983, -0.031942856, 0.68507004, -0.10412004, -0.7209979, -0.71898097, 0.06264663, -0.6922006, -0.000777726, 0.003882525, 0.014121098)
bind/37/name = &"f_middle.02.L"
bind/37/bone = -1
bind/37/pose = Transform3D(0.095671706, 0.994625, -0.0395991, 0.6727139, -0.09392709, -0.7339166, -0.7336911, 0.043576058, -0.67808396, -0.00051346375, 0.0035864476, 0.014071104)
bind/38/name = &"f_middle.03.L"
bind/38/bone = -1
bind/38/pose = Transform3D(0.08736265, 0.99520814, -0.043916333, 0.66677666, -0.09117151, -0.73966, -0.7401194, 0.03533614, -0.67154646, -0.00039424625, 0.0034027034, 0.014047262)
bind/39/name = &"palm.03.L"
bind/39/bone = -1
bind/39/pose = Transform3D(0.012743814, -0.99969393, -0.02120067, 0.8695008, 0.021549014, -0.49346104, 0.49376693, -0.012145303, 0.8695093, 0.00074539654, 0.0002863863, -0.014625342)
bind/40/name = &"f_ring.01.L"
bind/40/bone = -1
bind/40/pose = Transform3D(-0.043903764, 0.9987255, -0.024896735, 0.673073, 0.011153654, -0.73949176, -0.73827153, -0.049223915, -0.67270494, 6.8654525e-05, 0.0041564903, 0.014048173)
bind/41/name = &"f_ring.02.L"
bind/41/bone = -1
bind/41/pose = Transform3D(-0.04240996, 0.9990291, -0.01193302, 0.678677, 0.020041268, -0.73416317, -0.7332111, -0.039234605, -0.67886806, -0.000100884, 0.0035369287, 0.014077191)
bind/42/name = &"f_ring.03.L"
bind/42/bone = -1
bind/42/pose = Transform3D(-0.10525833, 0.9927397, -0.05821391, 0.6180379, 0.019443983, -0.78590757, -0.77906954, -0.118701845, -0.6155973, 0.00096555636, 0.0043278364, 0.013742921)
bind/43/name = &"palm.04.L"
bind/43/bone = -1
bind/43/pose = Transform3D(-0.19427758, 0.9807975, -0.017100418, 0.85124063, 0.15990032, -0.4998212, -0.48748899, -0.11166075, -0.86595976, 0.0008665855, 0.00039348696, 0.014585462)
bind/44/name = &"f_pinky.01.L"
bind/44/bone = -1
bind/44/pose = Transform3D(-0.18322888, 0.9830094, 0.010951437, 0.667315, 0.13254961, -0.7328857, -0.7218851, -0.12697794, -0.68026364, 0.00043081993, 0.0040608626, 0.014031286)
bind/45/name = &"f_pinky.02.L"
bind/45/bone = -1
bind/45/pose = Transform3D(-0.25072592, 0.96805805, 0.00037818597, 0.6175545, 0.16024674, -0.7700306, -0.74549496, -0.19283326, -0.6380067, 0.001098521, 0.004444136, 0.013757417)
bind/46/name = &"f_pinky.03.L"
bind/46/bone = -1
bind/46/pose = Transform3D(-0.21325187, 0.97647357, 0.03198756, 0.6632743, 0.16873656, -0.7291056, -0.7173498, -0.13426678, -0.6836532, 0.00041368965, 0.003359253, 0.014029932)
bind/47/name = &"camera"
bind/47/bone = -1
bind/47/pose = Transform3D(-0.00040735403, -1.7688537e-08, -0.9999999, 1.7687883e-08, 1.0000001, 1.0151362e-07, 0.9999999, -7.1467645e-12, -0.00040735403, 0.01743155, -1.7695395e-09, 7.100812e-06)
bind/48/name = &"handIK.R"
bind/48/bone = -1
bind/48/pose = Transform3D(-0.5882417, 0.0005128815, 0.80868506, -0.8050268, -0.09538303, -0.58552015, 0.0768345, -0.9954405, 0.056521162, -0.014447677, 0.0023788924, 0.0002744135)
bind/49/name = &"elbowIK.R"
bind/49/bone = -1
bind/49/pose = Transform3D(-0.51515967, 0, 0.8570943, 0, 1, 0, -0.8570943, 0, -0.51515967, -0.0146402335, -0.0026763624, 0.0033870116)
bind/50/name = &"handIK.L"
bind/50/bone = -1
bind/50/pose = Transform3D(-0.5882417, -0.0005128815, -0.80868506, 0.8050268, -0.09538303, -0.58552015, -0.0768345, -0.9954405, 0.056521162, 0.014447677, 0.0023788924, 0.0002744135)
bind/51/name = &"elbowIK.L"
bind/51/bone = -1
bind/51/pose = Transform3D(-0.51515967, 0, -0.8570943, 0, 1, 0, 0.8570943, 0, -0.51515967, 0.0146402335, -0.0026763624, 0.0033870116)

[sub_resource type="Animation" id="Animation_fnkr1"]
resource_name = "ArmsRig|Relax"
length = 1.9666667
loop_mode = 1
tracks/0/type = "position_3d"
tracks/0/imported = true
tracks/0/enabled = true
tracks/0/path = NodePath("Skeleton3D:handIK.R")
tracks/0/interp = 1
tracks/0/loop_wrap = true
tracks/0/keys = PackedFloat32Array(0, 1, -0.0030682927, -0.002462324, 0.015237783)
tracks/1/type = "rotation_3d"
tracks/1/imported = true
tracks/1/enabled = true
tracks/1/path = NodePath("Skeleton3D:handIK.R")
tracks/1/interp = 1
tracks/1/loop_wrap = true
tracks/1/keys = PackedFloat32Array(0, 1, 0.61656326, 0.20788078, 0.7591308, 0.018862737)
tracks/2/type = "position_3d"
tracks/2/imported = true
tracks/2/enabled = true
tracks/2/path = NodePath("Skeleton3D:elbowIK.R")
tracks/2/interp = 1
tracks/2/loop_wrap = true
tracks/2/keys = PackedFloat32Array(0, 1, -0.006409954, 0.0029806823, 0.013903891)
tracks/3/type = "rotation_3d"
tracks/3/imported = true
tracks/3/enabled = true
tracks/3/path = NodePath("Skeleton3D:elbowIK.R")
tracks/3/interp = 1
tracks/3/loop_wrap = true
tracks/3/keys = PackedFloat32Array(0, 1, 0, -0.87039053, 0, 0.49236196)
tracks/4/type = "position_3d"
tracks/4/imported = true
tracks/4/enabled = true
tracks/4/path = NodePath("Skeleton3D:handIK.L")
tracks/4/interp = 1
tracks/4/loop_wrap = true
tracks/4/keys = PackedFloat32Array(0, 1, 0.0030682927, -0.002462324, 0.015237783)
tracks/5/type = "rotation_3d"
tracks/5/imported = true
tracks/5/enabled = true
tracks/5/path = NodePath("Skeleton3D:handIK.L")
tracks/5/interp = 1
tracks/5/loop_wrap = true
tracks/5/keys = PackedFloat32Array(0, 1, 0.6165632, -0.2078809, -0.7591308, 0.018862586)
tracks/6/type = "position_3d"
tracks/6/imported = true
tracks/6/enabled = true
tracks/6/path = NodePath("Skeleton3D:elbowIK.L")
tracks/6/interp = 1
tracks/6/loop_wrap = true
tracks/6/keys = PackedFloat32Array(0, 1, 0.006409954, 0.0029806823, 0.013903891)
tracks/7/type = "rotation_3d"
tracks/7/imported = true
tracks/7/enabled = true
tracks/7/path = NodePath("Skeleton3D:shoulder.R")
tracks/7/interp = 1
tracks/7/loop_wrap = true
tracks/7/keys = PackedFloat32Array(0, 1, -0.6139811, 0.35091314, 0.3511588, 0.61365676)
tracks/8/type = "rotation_3d"
tracks/8/imported = true
tracks/8/enabled = true
tracks/8/path = NodePath("Skeleton3D:shoulder.L")
tracks/8/interp = 1
tracks/8/loop_wrap = true
tracks/8/keys = PackedFloat32Array(0, 1, -0.6143471, -0.35155362, -0.35051814, 0.6132901)
tracks/9/type = "rotation_3d"
tracks/9/imported = true
tracks/9/enabled = true
tracks/9/path = NodePath("Skeleton3D:camera")
tracks/9/interp = 1
tracks/9/loop_wrap = true
tracks/9/keys = PackedFloat32Array(0, 1, -0.49989796, 0.5001017, -0.5001019, 0.49989837)
tracks/10/type = "position_3d"
tracks/10/imported = true
tracks/10/enabled = true
tracks/10/path = NodePath("Skeleton3D:upper_arm.R")
tracks/10/interp = 1
tracks/10/loop_wrap = true
tracks/10/keys = PackedFloat32Array(0, 1, -8.651846e-05, 0.0020224904, -0.000109676126)
tracks/11/type = "rotation_3d"
tracks/11/imported = true
tracks/11/enabled = true
tracks/11/path = NodePath("Skeleton3D:upper_arm.R")
tracks/11/interp = 1
tracks/11/loop_wrap = true
tracks/11/keys = PackedFloat32Array(0, 1, 0.10361722, -0.6771317, 0.5081069, 0.52209526, 0.06666667, 1, 0.102921404, -0.67763835, 0.50819963, 0.521485, 0.13333334, 1, 0.10250588, -0.6781039, 0.5085049, 0.52066344, 0.2, 1, 0.10202777, -0.67914623, 0.5083894, 0.51951027, 0.23333333, 1, 0.10142653, -0.6798316, 0.5084749, 0.5186472, 0.26666668, 1, 0.10090505, -0.68050736, 0.508616, 0.51772356, 0.3, 1, 0.100358866, -0.68126583, 0.5086816, 0.5167669, 0.36666667, 1, 0.09903873, -0.6829122, 0.508925, 0.51460433, 0.4, 1, 0.098389976, -0.6837722, 0.5090207, 0.51349086, 0.43333334, 1, 0.09769849, -0.68464917, 0.50914085, 0.512334, 0.46666667, 1, 0.097011834, -0.6855306, 0.5092548, 0.51117116, 0.5, 1, 0.09632925, -0.6864079, 0.50936735, 0.5100095, 0.53333336, 1, 0.09564907, -0.6872731, 0.50948393, 0.50885475, 0.6333333, 1, 0.093753286, -0.68970233, 0.5097987, 0.50559497, 0.7, 1, 0.092720576, -0.69109493, 0.5099382, 0.5037397, 0.73333335, 1, 0.092230335, -0.69166946, 0.5101083, 0.50286824, 0.8, 1, 0.09172381, -0.69262904, 0.5100624, 0.5016853, 0.8666667, 1, 0.09150738, -0.69291484, 0.5106935, 0.5006871, 1.0666667, 1, 0.092232816, -0.69220436, 0.5108924, 0.5013334, 1.2, 1, 0.09210091, -0.69182545, 0.5100703, 0.5027159, 1.2333333, 1, 0.09263294, -0.69121444, 0.5100044, 0.50352484, 1.2666667, 1, 0.09309011, -0.69061506, 0.50987977, 0.5043884, 1.3, 1, 0.09359929, -0.68990713, 0.5098638, 0.50527835, 1.3333334, 1, 0.09417648, -0.68919724, 0.50971144, 0.50629264, 1.4, 1, 0.09537405, -0.687625, 0.5095298, 0.5083847, 1.4333333, 1, 0.09602923, -0.68679726, 0.50941515, 0.509494, 1.5333333, 1, 0.09799778, -0.6842559, 0.5090952, 0.5128473, 1.5666667, 1, 0.09865543, -0.68341446, 0.5089843, 0.5139521, 1.6, 1, 0.0993192, -0.68258846, 0.50886136, 0.5150425, 1.6333333, 1, 0.09991043, -0.6817922, 0.5087795, 0.5160627, 1.7, 1, 0.10108922, -0.68032956, 0.50851226, 0.5180231, 1.7333333, 1, 0.10158566, -0.6796355, 0.5085002, 0.5188482, 1.7666667, 1, 0.10202476, -0.67906386, 0.5083663, 0.51964116, 1.8, 1, 0.102552675, -0.6784805, 0.50829655, 0.52036697, 1.8666667, 1, 0.10300255, -0.67765236, 0.508425, 0.52123106, 1.9666667, 1, 0.10361722, -0.6771317, 0.5081069, 0.52209526)
tracks/12/type = "position_3d"
tracks/12/imported = true
tracks/12/enabled = true
tracks/12/path = NodePath("Skeleton3D:upper_arm.L")
tracks/12/interp = 1
tracks/12/loop_wrap = true
tracks/12/keys = PackedFloat32Array(0, 1, 8.628942e-05, 0.0020224901, -0.00010985625)
tracks/13/type = "rotation_3d"
tracks/13/imported = true
tracks/13/enabled = true
tracks/13/path = NodePath("Skeleton3D:upper_arm.L")
tracks/13/interp = 1
tracks/13/loop_wrap = true
tracks/13/keys = PackedFloat32Array(0, 1, 0.10308721, 0.6776763, -0.50821465, 0.5213883, 0.06666667, 1, 0.10239152, 0.6781823, -0.50830764, 0.52077645, 0.13333334, 1, 0.101975106, 0.67864764, -0.508612, 0.5199542, 0.2, 1, 0.10149733, 0.6796881, -0.5084955, 0.5188012, 0.26666668, 1, 0.10037436, 0.6810474, -0.508721, 0.51701295, 0.3, 1, 0.09982804, 0.6818049, -0.50878584, 0.51605564, 0.33333334, 1, 0.09916381, 0.6826115, -0.5089174, 0.5149865, 0.36666667, 1, 0.09850773, 0.683449, -0.509028, 0.5138913, 0.4, 1, 0.09785891, 0.6843078, -0.509123, 0.512777, 0.53333336, 1, 0.09511746, 0.6878036, -0.5095835, 0.5081373, 0.56666666, 1, 0.09448731, 0.68864274, -0.50967234, 0.50702804, 0.6, 1, 0.093855955, 0.68945384, -0.50977516, 0.50593853, 0.6333333, 1, 0.09322141, 0.69022954, -0.5098964, 0.5048749, 0.7, 1, 0.092188545, 0.6916201, -0.5100346, 0.5030185, 0.73333335, 1, 0.09169797, 0.6921939, -0.510204, 0.5021463, 0.8, 1, 0.09119156, 0.69315183, -0.51015735, 0.5009632, 0.8666667, 1, 0.090973146, 0.6934382, -0.51078635, 0.49996465, 1.0666667, 1, 0.09169726, 0.69272923, -0.5109844, 0.5006123, 1.2, 1, 0.09156868, 0.6923496, -0.5101661, 0.5019937, 1.2333333, 1, 0.09210073, 0.6917395, -0.5101006, 0.50280344, 1.2666667, 1, 0.0925581, 0.6911409, -0.5099767, 0.5036676, 1.3, 1, 0.09306723, 0.69043404, -0.50996125, 0.5045581, 1.3333334, 1, 0.09364471, 0.6897249, -0.50980955, 0.50557333, 1.4, 1, 0.09484253, 0.6881551, -0.5096291, 0.5076669, 1.4333333, 1, 0.095497936, 0.6873285, -0.50951517, 0.5087769, 1.4666667, 1, 0.09615448, 0.68648744, -0.5094067, 0.5098962, 1.5, 1, 0.09681383, 0.6856387, -0.5092997, 0.511019, 1.6, 1, 0.09878827, 0.68312573, -0.5089646, 0.5143298, 1.6333333, 1, 0.09937957, 0.6823305, -0.5088835, 0.51535076, 1.6666666, 1, 0.09997879, 0.6815664, -0.5087816, 0.51634556, 1.7, 1, 0.10055874, 0.68086976, -0.50861746, 0.5173129, 1.7333333, 1, 0.10105511, 0.6801768, -0.5086059, 0.51813847, 1.8, 1, 0.1020224, 0.6790232, -0.5084032, 0.5196586, 1.8666667, 1, 0.10247162, 0.6781968, -0.50853187, 0.52052283, 1.9666667, 1, 0.10308721, 0.6776763, -0.50821465, 0.5213883)
tracks/14/type = "rotation_3d"
tracks/14/imported = true
tracks/14/enabled = true
tracks/14/path = NodePath("Skeleton3D:forearm.R")
tracks/14/interp = 1
tracks/14/loop_wrap = true
tracks/14/keys = PackedFloat32Array(0, 1, 0.81319773, -0.02731394, -0.25126868, 0.52423984, 0.13333334, 1, 0.8126629, -0.027338991, -0.25117493, 0.52511215, 0.26666668, 1, 0.8121368, -0.027457176, -0.25095728, 0.5260231, 0.33333334, 1, 0.8115857, -0.027443156, -0.25077462, 0.52696073, 0.4, 1, 0.8110335, -0.027509088, -0.25060326, 0.5278882, 0.46666667, 1, 0.8103995, -0.027557341, -0.25040865, 0.52895063, 0.53333336, 1, 0.80976456, -0.02761173, -0.25020579, 0.5300151, 0.6, 1, 0.8091527, -0.027673842, -0.25000697, 0.53103906, 0.6666667, 1, 0.8085373, -0.027714837, -0.24983718, 0.5320533, 0.76666665, 1, 0.80789185, -0.027635604, -0.24948919, 0.53319997, 1.2666667, 1, 0.80846906, -0.027494388, -0.24965143, 0.5322556, 1.4, 1, 0.80963326, -0.027575534, -0.25013494, 0.5302509, 1.4666667, 1, 0.81024855, -0.0275723, -0.25035954, 0.52920425, 1.5333333, 1, 0.8108645, -0.02752604, -0.25054556, 0.52817416, 1.6333333, 1, 0.8116912, -0.027449839, -0.2508087, 0.5267816, 1.7333333, 1, 0.8123234, -0.02736635, -0.25102642, 0.5257067, 1.8333334, 1, 0.81286037, -0.027319238, -0.25119644, 0.52479714, 1.9666667, 1, 0.81319773, -0.02731394, -0.25126868, 0.52423984)
tracks/15/type = "rotation_3d"
tracks/15/imported = true
tracks/15/enabled = true
tracks/15/path = NodePath("Skeleton3D:forearm.L")
tracks/15/interp = 1
tracks/15/loop_wrap = true
tracks/15/keys = PackedFloat32Array(0, 1, 0.8131979, 0.027313847, 0.25126827, 0.52423984, 0.13333334, 1, 0.812663, 0.027338913, 0.25117445, 0.52511215, 0.26666668, 1, 0.81213695, 0.027457085, 0.2509568, 0.5260232, 0.36666667, 1, 0.8113099, 0.027475972, 0.25068843, 0.5274245, 0.43333334, 1, 0.8107168, 0.027533084, 0.25050542, 0.5284195, 0.5, 1, 0.8100824, 0.027584765, 0.2503069, 0.5294829, 0.56666666, 1, 0.809459, 0.02764264, 0.2501059, 0.53052723, 0.6333333, 1, 0.80884534, 0.027694196, 0.24992158, 0.5315463, 0.7, 1, 0.8083241, 0.027705083, 0.24969852, 0.5324427, 0.8333333, 1, 0.8074489, 0.027460821, 0.24941747, 0.53391296, 1.0666667, 1, 0.8079987, 0.027478714, 0.24954309, 0.53302085, 1.3, 1, 0.8087609, 0.027516326, 0.24976915, 0.5317556, 1.4333333, 1, 0.8099404, 0.027598424, 0.25026235, 0.5297203, 1.5, 1, 0.81055653, 0.02754608, 0.25045592, 0.5286882, 1.5666667, 1, 0.8111401, 0.027490623, 0.2506361, 0.5277097, 1.6333333, 1, 0.8116912, 0.02744974, 0.2508082, 0.52678186, 1.7333333, 1, 0.8123234, 0.027366271, 0.25102594, 0.52570695, 1.8666667, 1, 0.8130431, 0.027364882, 0.2512089, 0.5245056, 1.9666667, 1, 0.8131979, 0.027313847, 0.25126827, 0.52423984)
tracks/16/type = "rotation_3d"
tracks/16/imported = true
tracks/16/enabled = true
tracks/16/path = NodePath("Skeleton3D:hand.R")
tracks/16/interp = 1
tracks/16/loop_wrap = true
tracks/16/keys = PackedFloat32Array(0, 1, -0.20126083, -0.07061249, 0.05359716, 0.975518, 0.1, 1, -0.2005943, -0.07133786, 0.05290809, 0.97564006, 0.13333334, 1, -0.20010532, -0.07186791, 0.05240277, 0.97572887, 0.16666667, 1, -0.19950111, -0.07252071, 0.051778447, 0.9758376, 0.2, 1, -0.19879264, -0.07328312, 0.0510465, 0.9759638, 0.23333333, 1, -0.19799055, -0.07414222, 0.05021796, 0.9761049, 0.26666668, 1, -0.1971058, -0.07508473, 0.04930433, 0.9762585, 0.3, 1, -0.19614924, -0.07609796, 0.0483168, 0.9764221, 0.33333334, 1, -0.19513236, -0.077168845, 0.0472671, 0.97659314, 0.36666667, 1, -0.19406568, -0.0782849, 0.046166353, 0.9767695, 0.43333334, 1, -0.1918292, -0.08060165, 0.043859053, 0.9771291, 0.53333336, 1, -0.18838963, -0.08410452, 0.040312096, 0.9776557, 0.56666666, 1, -0.18726793, -0.08523152, 0.039155614, 0.97782063, 0.6, 1, -0.1861786, -0.08631896, 0.038032636, 0.9779776, 0.6333333, 1, -0.18513402, -0.08735518, 0.036955882, 0.9781251, 0.6666667, 1, -0.18414663, -0.088329025, 0.03593805, 0.97826195, 0.7, 1, -0.18322855, -0.08922948, 0.034991715, 0.97838694, 0.73333335, 1, -0.18239234, -0.09004539, 0.03412979, 0.9784989, 0.76666665, 1, -0.18165056, -0.09076584, 0.033365276, 0.9785966, 0.8, 1, -0.18101576, -0.091380015, 0.032711007, 0.9786792, 0.8666667, 1, -0.18011734, -0.09224568, 0.03178487, 0.9787943, 1.1333333, 1, -0.18093738, -0.09145575, 0.032630175, 0.9786893, 1.1666666, 1, -0.18153317, -0.09087966, 0.033244282, 0.978612, 1.2, 1, -0.18223073, -0.09020256, 0.033963274, 0.9785203, 1.2333333, 1, -0.18301877, -0.089434534, 0.03477546, 0.9784152, 1.2666667, 1, -0.18388583, -0.08858516, 0.035669267, 0.9782977, 1.3, 1, -0.18482105, -0.087664634, 0.036633164, 0.9781687, 1.3333334, 1, -0.18581294, -0.08668257, 0.037655603, 0.97802955, 1.3666667, 1, -0.18685028, -0.08564922, 0.038725067, 0.97788113, 1.4333333, 1, -0.18901804, -0.08346987, 0.040960006, 0.9775619, 1.5333333, 1, -0.19233905, -0.08007626, 0.04438494, 0.97704834, 1.6, 1, -0.19447532, -0.077857085, 0.046589077, 0.97670215, 1.6333333, 1, -0.19548915, -0.07679394, 0.04763536, 0.9765334, 1.6666666, 1, -0.1964532, -0.0757767, 0.04863054, 0.9763704, 1.7, 1, -0.19735749, -0.074817136, 0.04956425, 0.97621506, 1.7333333, 1, -0.1981921, -0.0739267, 0.05042613, 0.9760696, 1.7666667, 1, -0.19894716, -0.07311713, 0.05120612, 0.9759364, 1.8, 1, -0.19961299, -0.072399996, 0.051894054, 0.97581756, 1.8333334, 1, -0.20017983, -0.071787246, 0.052479748, 0.9757154, 1.9, 1, -0.20091574, -0.07091815, 0.05330839, 0.9755827, 1.9666667, 1, -0.20126083, -0.07061249, 0.05359716, 0.975518)
tracks/17/type = "rotation_3d"
tracks/17/imported = true
tracks/17/enabled = true
tracks/17/path = NodePath("Skeleton3D:hand.L")
tracks/17/interp = 1
tracks/17/loop_wrap = true
tracks/17/keys = PackedFloat32Array(0, 1, -0.20126073, 0.07061254, -0.05359686, 0.975518, 0.1, 1, -0.20059411, 0.07133786, -0.052907754, 0.9756401, 0.13333334, 1, -0.20010515, 0.07186794, -0.052402448, 0.9757289, 0.16666667, 1, -0.19950086, 0.07252071, -0.051778123, 0.9758377, 0.2, 1, -0.19879241, 0.07328311, -0.051046137, 0.97596383, 0.23333333, 1, -0.19799045, 0.07414219, -0.05021767, 0.976105, 0.26666668, 1, -0.19710563, 0.07508472, -0.049304, 0.9762586, 0.3, 1, -0.196149, 0.076097935, -0.048316486, 0.97642213, 0.33333334, 1, -0.19513217, 0.07716888, -0.04726678, 0.9765932, 0.36666667, 1, -0.19406547, 0.0782849, -0.046166018, 0.97676957, 0.56666666, 1, -0.18726774, 0.08523161, -0.039155256, 0.97782063, 0.6, 1, -0.18617843, 0.08631899, -0.038032334, 0.9779776, 0.6333333, 1, -0.18513376, 0.08735518, -0.036955506, 0.97812515, 0.6666667, 1, -0.18414637, 0.088329054, -0.035937656, 0.978262, 0.7, 1, -0.18322827, 0.08922951, -0.034991346, 0.978387, 0.73333335, 1, -0.18239215, 0.09004546, -0.034129478, 0.9784989, 0.76666665, 1, -0.1816503, 0.09076591, -0.03336493, 0.9785967, 0.8, 1, -0.1810155, 0.09138002, -0.032710645, 0.97867924, 0.8666667, 1, -0.18011706, 0.09224567, -0.03178447, 0.97879434, 1.1333333, 1, -0.1809372, 0.09145578, -0.032629833, 0.9786894, 1.1666666, 1, -0.18153296, 0.09087966, -0.033243913, 0.978612, 1.2, 1, -0.18223049, 0.09020257, -0.03396289, 0.97852033, 1.2333333, 1, -0.18301858, 0.08943454, -0.034775157, 0.97841525, 1.2666667, 1, -0.18388556, 0.08858518, -0.035668906, 0.97829777, 1.3, 1, -0.18482079, 0.08766462, -0.036632802, 0.9781688, 1.3333334, 1, -0.1858126, 0.08668256, -0.037655227, 0.9780296, 1.3666667, 1, -0.18685, 0.08564923, -0.03872471, 0.97788125, 1.4, 1, -0.18792213, 0.08457501, -0.03982993, 0.97772485, 1.5666667, 1, -0.19342181, 0.07895493, -0.045501847, 0.9768745, 1.6, 1, -0.19447517, 0.0778571, -0.04658878, 0.9767022, 1.6333333, 1, -0.1954889, 0.07679393, -0.04763501, 0.97653353, 1.6666666, 1, -0.19645295, 0.075776696, -0.048630167, 0.97637045, 1.7, 1, -0.19735722, 0.074817106, -0.04956389, 0.9762151, 1.7333333, 1, -0.19819193, 0.07392671, -0.0504258, 0.9760697, 1.7666667, 1, -0.19894694, 0.073117085, -0.05120579, 0.9759365, 1.8, 1, -0.19961284, 0.07239998, -0.051893756, 0.9758176, 1.8333334, 1, -0.20017964, 0.07178726, -0.052479427, 0.97571546, 1.9, 1, -0.20091556, 0.070918106, -0.053308047, 0.9755828, 1.9666667, 1, -0.20126073, 0.07061254, -0.05359686, 0.975518)
tracks/18/type = "position_3d"
tracks/18/imported = true
tracks/18/enabled = true
tracks/18/path = NodePath("Skeleton3D:palm.01.R")
tracks/18/interp = 1
tracks/18/loop_wrap = true
tracks/18/keys = PackedFloat32Array(0, 1, 4.095651e-05, 0.0003830959, 0.00026357517)
tracks/19/type = "rotation_3d"
tracks/19/imported = true
tracks/19/enabled = true
tracks/19/path = NodePath("Skeleton3D:palm.01.R")
tracks/19/interp = 1
tracks/19/loop_wrap = true
tracks/19/keys = PackedFloat32Array(0, 1, 0.010035985, -0.77033454, -0.098166674, 0.62995815)
tracks/20/type = "rotation_3d"
tracks/20/imported = true
tracks/20/enabled = true
tracks/20/path = NodePath("Skeleton3D:palm.02.R")
tracks/20/interp = 1
tracks/20/loop_wrap = true
tracks/20/keys = PackedFloat32Array(0, 1, 0.004519579, -0.7329479, -0.03088288, 0.6795684)
tracks/21/type = "rotation_3d"
tracks/21/imported = true
tracks/21/enabled = true
tracks/21/path = NodePath("Skeleton3D:palm.03.R")
tracks/21/interp = 1
tracks/21/loop_wrap = true
tracks/21/keys = PackedFloat32Array(0, 1, -0.045143902, 0.6994619, -0.035076432, 0.71237963)
tracks/22/type = "rotation_3d"
tracks/22/imported = true
tracks/22/enabled = true
tracks/22/path = NodePath("Skeleton3D:palm.04.R")
tracks/22/interp = 1
tracks/22/loop_wrap = true
tracks/22/keys = PackedFloat32Array(0, 1, -0.08130563, -0.6577671, 0.08533217, 0.7439424)
tracks/23/type = "rotation_3d"
tracks/23/imported = true
tracks/23/enabled = true
tracks/23/path = NodePath("Skeleton3D:palm.02.L")
tracks/23/interp = 1
tracks/23/loop_wrap = true
tracks/23/keys = PackedFloat32Array(0, 1, 0.004521763, 0.73294806, 0.030885156, 0.6795681)
tracks/24/type = "rotation_3d"
tracks/24/imported = true
tracks/24/enabled = true
tracks/24/path = NodePath("Skeleton3D:palm.03.L")
tracks/24/interp = 1
tracks/24/loop_wrap = true
tracks/24/keys = PackedFloat32Array(0, 1, -0.04514167, -0.69946176, 0.035074204, 0.71238)
tracks/25/type = "rotation_3d"
tracks/25/imported = true
tracks/25/enabled = true
tracks/25/path = NodePath("Skeleton3D:palm.04.L")
tracks/25/interp = 1
tracks/25/loop_wrap = true
tracks/25/keys = PackedFloat32Array(0, 1, -0.08130558, 0.6577671, -0.085332125, 0.7439423)
tracks/26/type = "rotation_3d"
tracks/26/imported = true
tracks/26/enabled = true
tracks/26/path = NodePath("Skeleton3D:f_index.01.R")
tracks/26/interp = 1
tracks/26/loop_wrap = true
tracks/26/keys = PackedFloat32Array(0, 1, 0.25047573, 0.047697652, 0.018959997, 0.9667613, 0.1, 1, 0.25159162, 0.04771951, 0.01890492, 0.9664715, 0.13333334, 1, 0.25240847, 0.04773547, 0.018864578, 0.96625847, 0.16666667, 1, 0.25341582, 0.047755115, 0.018814797, 0.9659948, 0.2, 1, 0.25459442, 0.04777804, 0.018756507, 0.9656848, 0.23333333, 1, 0.25592515, 0.047803845, 0.018690638, 0.965333, 0.26666668, 1, 0.2573888, 0.047832135, 0.018618122, 0.96494377, 0.3, 1, 0.258966, 0.047862507, 0.018539898, 0.96452165, 0.33333334, 1, 0.26063776, 0.04789458, 0.018456893, 0.9640713, 0.36666667, 1, 0.26238495, 0.047927957, 0.018370042, 0.96359724, 0.4, 1, 0.2641882, 0.04796226, 0.018280296, 0.96310437, 0.53333336, 1, 0.2715821, 0.048101332, 0.017911153, 0.96104556, 0.56666666, 1, 0.27338064, 0.048134774, 0.017821081, 0.9605355, 0.6, 1, 0.2751213, 0.048167, 0.0177338, 0.9600384, 0.6333333, 1, 0.27678525, 0.04819767, 0.017650269, 0.95956, 0.6666667, 1, 0.27835375, 0.048226465, 0.017571442, 0.95910615, 0.7, 1, 0.27980787, 0.048253056, 0.017498288, 0.95868295, 0.73333335, 1, 0.28112888, 0.04827713, 0.017431768, 0.9582964, 0.76666665, 1, 0.28229815, 0.048298363, 0.01737284, 0.9579526, 0.8, 1, 0.2832968, 0.048316453, 0.017322473, 0.95765775, 0.8666667, 1, 0.28470755, 0.048341922, 0.017251262, 0.9572393, 1.1333333, 1, 0.28342006, 0.04831868, 0.017316254, 0.9576213, 1.1666666, 1, 0.282483, 0.048301715, 0.017363518, 0.95789814, 1.2, 1, 0.28138387, 0.048281763, 0.017418923, 0.95822155, 1.2333333, 1, 0.28013957, 0.04825911, 0.017481592, 0.9585861, 1.2666667, 1, 0.27876705, 0.048234034, 0.017550657, 0.9589861, 1.3, 1, 0.27728322, 0.048206825, 0.017625252, 0.9594162, 1.3333334, 1, 0.27570468, 0.048177768, 0.017704524, 0.959871, 1.3666667, 1, 0.2740487, 0.04814716, 0.017787594, 0.96034515, 1.4, 1, 0.27233207, 0.048115294, 0.017873608, 0.9608333, 1.5666667, 1, 0.26343644, 0.047947977, 0.018317724, 0.9633103, 1.6, 1, 0.26171458, 0.047915168, 0.01840338, 0.9637795, 1.6333333, 1, 0.26005182, 0.047883354, 0.018485997, 0.96422946, 1.6666666, 1, 0.25846553, 0.04785288, 0.018564729, 0.96465594, 1.7, 1, 0.25697282, 0.047824103, 0.01863874, 0.96505463, 1.7333333, 1, 0.25559103, 0.047797374, 0.018707182, 0.9654215, 1.7666667, 1, 0.25433746, 0.047773045, 0.01876922, 0.9657525, 1.8, 1, 0.25322935, 0.047751483, 0.018824013, 0.96604365, 1.8666667, 1, 0.2515188, 0.04771808, 0.018908517, 0.96649045, 1.9666667, 1, 0.25047573, 0.047697652, 0.018959997, 0.9667613)
tracks/27/type = "position_3d"
tracks/27/imported = true
tracks/27/enabled = true
tracks/27/path = NodePath("Skeleton3D:thumb.01.R")
tracks/27/interp = 1
tracks/27/loop_wrap = true
tracks/27/keys = PackedFloat32Array(0, 1, 8.271255e-05, -2.7545468e-05, 0.00020710916)
tracks/28/type = "rotation_3d"
tracks/28/imported = true
tracks/28/enabled = true
tracks/28/path = NodePath("Skeleton3D:thumb.01.R")
tracks/28/interp = 1
tracks/28/loop_wrap = true
tracks/28/keys = PackedFloat32Array(0, 1, -0.03887524, -0.44805008, -0.26706362, 0.85230094)
tracks/29/type = "rotation_3d"
tracks/29/imported = true
tracks/29/enabled = true
tracks/29/path = NodePath("Skeleton3D:f_middle.01.R")
tracks/29/interp = 1
tracks/29/loop_wrap = true
tracks/29/keys = PackedFloat32Array(0, 1, 0.2725793, 0.012839457, 0.011256887, 0.9619818, 0.1, 1, 0.27368966, 0.012852443, 0.011242057, 0.96166646, 0.13333334, 1, 0.27450243, 0.012861941, 0.01123119, 0.9614348, 0.16666667, 1, 0.2755047, 0.012873644, 0.011217773, 0.9611481, 0.2, 1, 0.2766774, 0.012887324, 0.011202055, 0.96081114, 0.23333333, 1, 0.27800137, 0.012902751, 0.011184283, 0.9604289, 0.26666668, 1, 0.27945754, 0.012919697, 0.0111647025, 0.9600062, 0.3, 1, 0.28102663, 0.012937932, 0.011143566, 0.95954806, 0.33333334, 1, 0.28268978, 0.012957232, 0.011121118, 0.9590594, 0.36666667, 1, 0.28442782, 0.012977371, 0.011097613, 0.9585454, 0.4, 1, 0.2862216, 0.012998121, 0.011073301, 0.95801127, 0.56666666, 1, 0.29536435, 0.013103357, 0.01094857, 0.9552321, 0.6, 1, 0.29709527, 0.01312318, 0.010924802, 0.95469517, 0.6333333, 1, 0.29875, 0.013142101, 0.010902034, 0.95417863, 0.6666667, 1, 0.3003096, 0.0131599065, 0.010880534, 0.9536889, 0.7, 1, 0.30175552, 0.013176392, 0.010860564, 0.9532324, 0.73333335, 1, 0.30306906, 0.013191349, 0.010842393, 0.9528156, 0.76666665, 1, 0.30423155, 0.01320457, 0.010826287, 0.9524451, 0.8, 1, 0.30522454, 0.013215851, 0.010812513, 0.95212734, 0.8666667, 1, 0.30662715, 0.013231769, 0.0107930275, 0.95167655, 1.1333333, 1, 0.30534703, 0.013217242, 0.010810812, 0.95208806, 1.1666666, 1, 0.30441535, 0.013206659, 0.010823739, 0.9523863, 1.2, 1, 0.30332258, 0.013194233, 0.010838882, 0.95273495, 1.2333333, 1, 0.30208546, 0.013180151, 0.010856003, 0.9531279, 1.2666667, 1, 0.30072063, 0.013164596, 0.01087486, 0.9535594, 1.3, 1, 0.29924512, 0.013147756, 0.010895212, 0.9540235, 1.3333334, 1, 0.29767558, 0.013129818, 0.010916823, 0.9545144, 1.3666667, 1, 0.29602867, 0.013110968, 0.010939455, 0.95502645, 1.5666667, 1, 0.28547382, 0.012989475, 0.011083443, 0.95823437, 1.6, 1, 0.28376094, 0.0129696475, 0.011106638, 0.95874304, 1.6333333, 1, 0.28210682, 0.012950471, 0.011128992, 0.959231, 1.6666666, 1, 0.28052872, 0.012932149, 0.011150277, 0.95969373, 1.7, 1, 0.27904373, 0.012914884, 0.01117027, 0.9601266, 1.7333333, 1, 0.27766904, 0.01289888, 0.011188746, 0.96052504, 1.7666667, 1, 0.2764217, 0.012884342, 0.011205484, 0.96088475, 1.8, 1, 0.27531922, 0.01287148, 0.011220258, 0.9612012, 1.8666667, 1, 0.2736171, 0.012851595, 0.011243027, 0.9616871, 1.9666667, 1, 0.2725793, 0.012839457, 0.011256887, 0.9619818)
tracks/30/type = "rotation_3d"
tracks/30/imported = true
tracks/30/enabled = true
tracks/30/path = NodePath("Skeleton3D:f_ring.01.R")
tracks/30/interp = 1
tracks/30/loop_wrap = true
